Field_ID,Crop_ID_1,Crop_ID_2,Crop_ID_3,Crop_ID_4,Crop_ID_5,Crop_ID_6,Crop_ID_7
3,0.14527807262441392,0.15889032647827317,0.1708395111911883,0.10417189017616489,0.15485954032647428,0.13170579670318291,0.13425486250030255
6,0.12181165860389132,0.39550008342003495,0.09298242798196776,0.1046150459791306,0.1009802474218772,0.08918726421879783,0.09492327237430044
11,0.1266495654727966,0.3388756628643502,0.09152854467213808,0.12006753822748822,0.13664367419615053,0.09262925124853595,0.09360576331854034
13,0.27131942781882723,0.23179353128938235,0.09163286044639521,0.10944648232122776,0.10295032299106868,0.09881486754970853,0.09404250758339028
14,0.1322923185127729,0.3888631987122946,0.09282364270966846,0.10615347436667914,0.09415671870071993,0.09048453194566089,0.0952261150522041
18,0.15580056996551156,0.3174993162159765,0.09125489378341453,0.1282227899603734,0.12065851131017932,0.0921662232080916,0.09439769555645308
19,0.17083104622159953,0.32410092424156106,0.0959533449034377,0.12621039992657318,0.09880066488881911,0.09044366784383584,0.0936599519741736
23,0.2327811844908815,0.2511041366879387,0.09225476876629535,0.11967688451957417,0.11648945791393359,0.09424471191288651,0.09344885570849021
24,0.15967669714224975,0.14697049554770025,0.16966663267377757,0.19424532888461848,0.13608356207906935,0.09877885186335447,0.09457843180923012
25,0.12706667644833425,0.24294665217323175,0.1702480819407491,0.15688613770630927,0.09206795740114174,0.09492984868624064,0.11585464564399328
28,0.28900104484083816,0.2035886034653444,0.09162021148364537,0.11518205492309595,0.11533462442772308,0.09149158103327132,0.09378187982608172
29,0.12532272387931973,0.40013575703198756,0.09166151418902568,0.10452468531176937,0.0943371976829909,0.09067044412475393,0.09334767778015278
30,0.3389477648277004,0.18004307992438606,0.0915829774222108,0.11112574449577611,0.09331838587339444,0.09118884547671612,0.09379320197981604
40,0.24657346791464382,0.11090129478250874,0.09330678031752972,0.25588742786642327,0.10555251638600341,0.09350159669086479,0.09427691604202633
43,0.1830047943926596,0.3186233117097212,0.09385559559566055,0.12175696104068356,0.09381827829006933,0.09531799759138802,0.09362306137981778
49,0.2497965409020539,0.10133814838443217,0.1148578173569996,0.1229690721307369,0.2234496272222497,0.09419246665126463,0.09339632735226316
53,0.1732107326994134,0.1385972188088087,0.224158504354897,0.1117467195184735,0.1020576421768393,0.09044642711986392,0.15978275532170416
55,0.22252937873886058,0.22920245069924589,0.09166715639832032,0.1667285024431195,0.09312957478428611,0.09086368530398711,0.10587925163218057
56,0.12285129964635202,0.10144927702484069,0.2836321979651862,0.13281487591323116,0.09199135067203443,0.09026440037367246,0.17699659840468304
57,0.13111950768877106,0.13630123901385827,0.2294968657054398,0.13955670415294563,0.10481567945431733,0.09082216729553698,0.16788783668913093
59,0.12248209659119631,0.3952952134257938,0.0916304287494876,0.10607928753246494,0.10022801377671559,0.09044995621148168,0.09383500371286006
61,0.12771401675847235,0.39571165962548277,0.09267757988653784,0.10502002540010172,0.09503046244889604,0.09050625197462739,0.09334000390588194
63,0.13145625693084795,0.29439019919424536,0.0916436475302364,0.14784092792490228,0.1350013362635813,0.10619932230744089,0.09346830984874586
65,0.16809459467570398,0.24702971504074533,0.13985116200618106,0.15017107106645966,0.09589534076101282,0.09866694904353002,0.10029116740636712
66,0.13787467955858868,0.38441235085047004,0.09160785953747692,0.10620499001863024,0.09583312407394365,0.09071264572865168,0.09335435023223881
73,0.1287208651942969,0.3796902312356616,0.09409089440539922,0.10855446794898722,0.09556463278555352,0.09263289217847165,0.10074601625162993
74,0.1762292582247631,0.2928649955174534,0.09173205579118533,0.11136517965082086,0.1307343367735383,0.10327993317360165,0.09379424086863747
88,0.13980151056686557,0.38896490619100377,0.09148186601862371,0.10383568041465133,0.09147887704675714,0.0915384745146361,0.09289868524746238
89,0.12415790042960681,0.4043144425846177,0.09155450522290898,0.10443681187340731,0.09169088350693068,0.09049932312739646,0.09334613325513205
91,0.12087836216931591,0.4079234756929029,0.0915334984179828,0.10412097147759578,0.09173172712339006,0.09044666236926077,0.09336530274955186
100,0.12951186327999864,0.3967594862520353,0.09154510507875346,0.10545437906192694,0.0925619917552816,0.0908041586075732,0.09336301596443093
103,0.12473118186483505,0.39951718476115894,0.09256333730972169,0.10455089768094114,0.09355037984529668,0.09174270394581895,0.09334431459222749
114,0.12235252623531866,0.4020712450199699,0.09166332726247241,0.10445960577725405,0.09425248408993164,0.09027273144186518,0.09492808017318823
115,0.15340757425549145,0.3654151925325478,0.09306947994602532,0.11066247084936867,0.09259246073659815,0.0914340470131916,0.09341877466677705
117,0.1672459019045149,0.3197050011097159,0.09166311968151578,0.12438381939227966,0.10751294397058449,0.09318325360868933,0.09630596033270006
118,0.3902642621784231,0.10854683745593302,0.09154177652220713,0.1127265932509279,0.09523818391378339,0.10822166910117909,0.09346067757754643
120,0.23054320304185208,0.22505817519657131,0.13584658765042054,0.11102015841712475,0.09516887288470906,0.10885471316575238,0.09350828964356991
121,0.1331936651822152,0.39181892160318954,0.09156914097376856,0.10603999488233024,0.09242400638727821,0.0916150984269219,0.09333917254429633
122,0.1344544178319522,0.3598465490534699,0.09172687562701863,0.12262611422804665,0.10470624339216889,0.09220025878573798,0.09443954108160574
128,0.12352556161856859,0.3984788482638152,0.09230744041087843,0.10526667099780807,0.09537903769209527,0.09170143559938615,0.09334100541744828
131,0.30544813925328174,0.1516614186495398,0.09524408783848748,0.11140675578710597,0.09974126339760542,0.14252784467085255,0.09397049040312706
132,0.17137062655738297,0.33714845790075776,0.09165872856133414,0.1187052951659218,0.09690092189066522,0.09078367059921351,0.09343229932472465
133,0.24188160672840747,0.25518763037789294,0.09182408610499798,0.12275542635832884,0.09782825276281168,0.09430850675520676,0.09621449091235437
135,0.13184434490761143,0.35144509348947006,0.09192041600082834,0.11224220805194063,0.10788039842876275,0.11131152162495644,0.09335601749643035
136,0.22217047721811362,0.24067396349134845,0.09522322977631639,0.1572730953068888,0.09719566454055223,0.09440140251138357,0.09306216715539695
137,0.21661442845397472,0.26412006775524743,0.09176406068661738,0.12109600562364262,0.09970200351507237,0.0904431556894466,0.1162602782759989
139,0.15106111715541845,0.3357628082252968,0.09358428310136203,0.11357556571555044,0.11214162764529464,0.09200658882226923,0.10186800933480837
144,0.3298578326381194,0.1467312184335226,0.11317661651356417,0.12544892620388787,0.09343977993480089,0.09796511176077102,0.09338051451533412
147,0.2091622212038312,0.10071478125669114,0.10062086966074225,0.31150985172439055,0.09224571787216448,0.09237142386144667,0.09337513442073375
151,0.13787486294109247,0.38524800133211967,0.09155150679344282,0.10544767610020342,0.09295526326424305,0.09054696294832958,0.09637572662056901
152,0.3283808958076493,0.13308438181685434,0.09328653366504833,0.14507797697102526,0.10608686713967785,0.1007442220578976,0.09333912254184736
153,0.29371418795549536,0.20902177641158598,0.09177876634149351,0.12000179770288619,0.09754235869141252,0.09410512633020275,0.09383598656692364
155,0.33009533089166154,0.15960800804812858,0.09250191692973041,0.128962248295291,0.09298719774860233,0.09469702192649952,0.1011482761600867
156,0.3234539166718367,0.1449648335373823,0.10471369245215319,0.13515789493890834,0.10290808151314251,0.09516858489566714,0.0936329959909099
160,0.16506499573178568,0.1025695932129899,0.23466866183059426,0.20707572507738065,0.09974660140213851,0.09254439353310043,0.09833002921201062
163,0.3532654617281034,0.11291217405409767,0.09585326784333192,0.14321468593067677,0.09190061365756413,0.10859382641874323,0.09425997036748295
164,0.14536129742834922,0.34499755728595344,0.09214194642257915,0.12052661564085179,0.09963740947903967,0.10349403989599519,0.09384113384723153
183,0.15342318486547957,0.15760977028619533,0.0935887331176089,0.12189494413515337,0.09303459064318241,0.09037015441982574,0.2900786225325547
184,0.21299991809521607,0.16930911451138864,0.09573845289010033,0.17954698394898774,0.104953217795053,0.11352674224003836,0.12392557051921588
185,0.15029984834407434,0.15243680455598807,0.12981507449676655,0.22659335760499044,0.0921564441497861,0.09117824846845488,0.15752022237993957
186,0.21922647638887321,0.26763113916708914,0.09169434758071725,0.11806973370711843,0.11109883293125966,0.09888923293635671,0.09339023728858563
187,0.12269295146219142,0.1001243183828677,0.2957513453086047,0.127910188963254,0.09165117355316166,0.09026540097347638,0.17160462135644416
188,0.16505147306847423,0.10460136760802424,0.09176163617599692,0.33177472135394354,0.09324699683443236,0.1163699921165233,0.0971938128426055
189,0.18036243463165488,0.2448587167988615,0.09226184006619348,0.16450686857218583,0.11878605186093871,0.10577050757224407,0.09345358049792152
193,0.20423427468572636,0.23813253290412512,0.13171789810001983,0.1278125138653229,0.09783307874784798,0.0965872726148054,0.10368242908215244
194,0.21383844821147008,0.10771642596162836,0.09145219896022488,0.14483592408212292,0.09716217607344538,0.09112580331186734,0.253869023399241
199,0.16645134710471404,0.11410416799262707,0.1075629836376406,0.13126093470245884,0.2527870117421619,0.13426288809173653,0.09357066672866099
200,0.15861152311277055,0.12095460679941816,0.09250650223130587,0.2800779198114019,0.15318874354098055,0.10086763816115774,0.09379306634296526
202,0.3233743348788834,0.10859363068906336,0.09154964915096958,0.13018279374908967,0.1161892750847486,0.13569015179449784,0.09442016465274759
204,0.26102720726372225,0.13800003115855325,0.09967749858912298,0.18302101078327693,0.11948251541028557,0.10455425846185393,0.09423747833318513
205,0.17788368263813853,0.3129431829921169,0.10185576371589965,0.11424017791920585,0.0977788128414844,0.09049111192225878,0.10480726797089598
207,0.1241816200056616,0.1597372633682079,0.13248441316422888,0.22457722022320115,0.09253388245888469,0.09040130053657779,0.17608430024323807
211,0.12680674589665797,0.35185720062060977,0.10150177094513763,0.11007187713590655,0.09814046129227424,0.09049396288277801,0.1211279812266359
213,0.1875663506891737,0.20426914001052304,0.10328146283828021,0.2200563642830814,0.09386332647786495,0.09146441297015243,0.09949894273092427
220,0.12820850761216146,0.1682336160998,0.19149769556384438,0.20279363521729943,0.11200717220713322,0.09079633566354917,0.10646303763621233
224,0.15795048203044387,0.11007788525802853,0.2370291389436623,0.11764922808357604,0.1608591120542116,0.09065500802409725,0.1257791456059804
228,0.22993984364863496,0.24898892882676962,0.09207918279295924,0.12595389596648066,0.09883121161838151,0.09400587920072825,0.11020105794604582
229,0.20887094316474597,0.1666806579983497,0.09156787615857594,0.12658140652157862,0.09366253042243002,0.2192884379271984,0.09334814780712139
232,0.13549662801600973,0.2908791085277119,0.09217419626113668,0.1210858680232482,0.1739420133959792,0.0921320364866964,0.09429014928921792
233,0.13937653862287805,0.31188411780577713,0.10888376482201746,0.13343243033018998,0.09744045301587159,0.11459231651174989,0.09439037889151596
234,0.12520904638770142,0.395564731795319,0.09174996910864376,0.10749111011920601,0.09457813766139832,0.09206009790418704,0.09334690702354452
235,0.1375062936393421,0.38738598864661616,0.09158123880749415,0.10593644565925867,0.09225032624034066,0.09195958982354774,0.09338011718340057
242,0.12138558695225513,0.3935427941519591,0.09110598589066407,0.10580825041528452,0.09318024897786645,0.09051015046971118,0.10446698314225965
244,0.13725973763566895,0.32663615778488697,0.09231460296823436,0.10414834819766078,0.15565078382403313,0.09059298373016683,0.09339738585934905
250,0.12489819955149908,0.4039273415979444,0.0912571061421095,0.10462149513750925,0.09212954388173228,0.09052682497703263,0.09263948871217295
253,0.12327615585114868,0.40095551501151844,0.09153256312570472,0.10605390328853391,0.09426214969584085,0.09051822860407815,0.09340148442317533
254,0.12171425504803762,0.4060684798187875,0.09158582587785885,0.10479520741896778,0.09195760409216962,0.09054045464917916,0.09333817309499942
256,0.262565293460002,0.22188268469196856,0.09116498097116604,0.12988903413140584,0.1030560599158084,0.09828201386887239,0.09315993296077674
260,0.17191408373852002,0.297741538026544,0.09210159820690991,0.11690424366160698,0.10358130011350562,0.11824822050575268,0.09950901574716074
261,0.15674245317695013,0.3101918728468203,0.09297724918788121,0.11315994629083617,0.11940518569616287,0.11418740167030372,0.09333589113104561
263,0.18701510229389792,0.2887585461334804,0.09153286950422318,0.1066295904643676,0.09743265598591468,0.1352891778421558,0.09334205777596041
268,0.1487667309835401,0.10441210826559377,0.0959979187879006,0.10845677629000416,0.1019909070981201,0.09113170730459393,0.3492438512702474
270,0.14643489266734472,0.36547903216229893,0.09156219305653673,0.11032123018111731,0.10150387211533753,0.09100980014120666,0.09368897967615819
277,0.1730343109101922,0.34536741446926145,0.09176654811925741,0.11103434292032119,0.09203821252054377,0.09338007977102611,0.09337909128939793
279,0.14402867917912632,0.3053312068721473,0.09156473805385627,0.10567254429832994,0.1694988481339972,0.09055249794105111,0.09335148552149183
281,0.13964678423336613,0.37174116765515314,0.09157098651499225,0.10993839069316708,0.10141529595817225,0.0923286878145182,0.09335868713063109
282,0.24710696682986732,0.18978364699964573,0.09275087618621874,0.11606555330781215,0.16555148396323574,0.09336491610642073,0.0953765566067996
285,0.12401652888393719,0.39508183687744675,0.09174997571820434,0.10458595339787916,0.09202216506014622,0.0986505755208082,0.0938929645415782
286,0.1369441213346515,0.3760447877935851,0.09177063303244481,0.11215712855206411,0.09232087185480455,0.09731694594545855,0.09344551148699141
287,0.14653645000240362,0.3312258062635268,0.09154977645823777,0.10805003113573813,0.10350762536893751,0.12295031406922,0.0961799967019362
305,0.12943565330701828,0.39538708502984565,0.09165228786781185,0.10472754648966681,0.09468565745430747,0.09077343681205449,0.09333833303929542
312,0.34208559148212103,0.11206475346532768,0.09249386877945336,0.13152071472509505,0.09559292255387473,0.1327994368956851,0.09344271209844307
315,0.19838178406418513,0.27042952531956505,0.0924911984247884,0.11877610942584624,0.10970602598024878,0.11634189649476352,0.09387346029060292
317,0.28405310355564045,0.12039018709081886,0.09421394800804246,0.20438984647603683,0.10372374064449681,0.09984674277395345,0.09338243145101117
321,0.3506658002750838,0.11127959525902253,0.09170767191581894,0.12823877273273093,0.09314652690069916,0.1315421272618365,0.09341950565480811
330,0.24859359138598563,0.12045807022564811,0.10865855525443459,0.2355270276584575,0.09501687181853108,0.09491562919700433,0.09683025445993884
339,0.2942099824616732,0.10061322477858678,0.09308794042477501,0.2089463526583084,0.09180250808237947,0.09046780809928695,0.12087218349499025
340,0.3528312218530514,0.13793515770795922,0.09181839520371596,0.1188269570451119,0.09470857556943868,0.10910836281784325,0.09477132980287967
341,0.27313984641408123,0.1163716867038154,0.09168381807896372,0.12028149242842859,0.09348297955822135,0.20965392439362934,0.09538625242286046
346,0.32557218465009485,0.11347486460869535,0.1075659851759119,0.14043975758814953,0.091869410655611,0.1271916497149444,0.09388614760659297
357,0.3457825867051217,0.10243953070581463,0.09152660804088668,0.10695991374231728,0.13500118673872297,0.12493873994350294,0.09335143412363378
358,0.2661789616726876,0.16903249094510808,0.09155894205226978,0.13879342343300194,0.10875177079725776,0.13234415894602114,0.09334025215365369
360,0.24151663681345983,0.17623249823558193,0.09882846314866706,0.18274642896986323,0.11042555137375021,0.09609190168481496,0.09415851977386275
361,0.24901731335965452,0.13499162016604077,0.09153126662716962,0.1707655470383357,0.09233421143602509,0.1640912908832664,0.09726875048950791
362,0.1800043653958065,0.3106258496376697,0.09203665304041975,0.11038714533696042,0.11596693327645971,0.09697625990753664,0.0940027934051473
364,0.32235124258723247,0.12366807982122832,0.11603173562902606,0.11619920912084428,0.09786152267937022,0.10339329623791518,0.12049491392438345
368,0.30395286012047906,0.18318577837912553,0.09154833757078516,0.11160042182227642,0.09624220939077337,0.11975151171603596,0.09371888100052445
371,0.2676892172832379,0.17913659680444083,0.09186474964956964,0.12766408071791166,0.14569565154150407,0.09457978877758712,0.09336991522574878
382,0.14796517236251128,0.35478733770731447,0.09153154905495749,0.10728294619562695,0.10750968845685195,0.09184456968864453,0.09907873653409341
383,0.21225870223255855,0.2528032360575764,0.09258008820465917,0.14322645095593745,0.09657572090366018,0.10678136275172756,0.09577443889388072
388,0.12663011449242623,0.156789706611345,0.17785592348723123,0.15609896335790624,0.19827778453825606,0.09028681328693502,0.09406069422590026
390,0.2754761226285655,0.10969775950664898,0.09323306828399394,0.2400038695335582,0.09229835310709514,0.09470231443640385,0.09458851250373443
391,0.22809349373527632,0.11247223999239095,0.09169978053856308,0.11945776664407218,0.10848275535505769,0.24640698421842777,0.09338697951621201
394,0.3898973267876344,0.11589585332847671,0.09156275169469945,0.1188354425480774,0.09870281902461742,0.0912928927152599,0.09381291390123477
396,0.3280096891517256,0.13013657635126866,0.09199879356089632,0.11944503463981376,0.1410033900152096,0.0960405492611938,0.09336596701989229
422,0.20913491940426432,0.11378096805124409,0.09681739512841717,0.21808376042826305,0.11051368473180156,0.15450840430171883,0.09716086795429102
426,0.30772796499087773,0.12289626917547297,0.09245675469464835,0.18378190168022873,0.10060068388170337,0.09911292414725498,0.09342350142981387
428,0.20283987068162904,0.20062028052084666,0.09284451720121115,0.19750840845752682,0.1007965529102383,0.09293348979833561,0.1124568804302124
429,0.23877863944979733,0.22888092861185982,0.09202242156440862,0.12636129605145952,0.09691472263936762,0.1233334274341362,0.09370856424897096
431,0.31553750418358867,0.12724837876652512,0.12800640284713488,0.14299330593751325,0.09187309581884295,0.10062022944160363,0.09372108300479151
437,0.26489230822657134,0.10898189904542059,0.10255137152386253,0.20196711632559008,0.09385194136885958,0.09043291643673416,0.1373224470729617
439,0.2495102171080404,0.19182654298438612,0.09264595227190683,0.12551738550974506,0.14672235344657475,0.09847133249753273,0.09530621618181412
441,0.13628740204541223,0.2640423876091562,0.09427616326501098,0.21910510524661098,0.09310185099960376,0.09135531927935076,0.10183177155485512
443,0.2826173768139396,0.1272856367563996,0.09207816763227294,0.18401423424636723,0.1079038151562719,0.09389835708435976,0.11220241231038891
445,0.35110428042108194,0.13973764792217414,0.09230090565993597,0.13276480549552452,0.09464739647715413,0.09355337310989979,0.0958915909142295
447,0.19468539865719187,0.10235615521771463,0.1111823393478675,0.2601784230818607,0.09399884830853283,0.14416476468553394,0.09343407070129867
451,0.28910517092237786,0.11121185742569929,0.0915288240458883,0.10799594423912222,0.09528855871737757,0.21153457362859798,0.09333507102093677
459,0.32447871485152185,0.12425124023476361,0.09631247086115945,0.16463352976732787,0.0918052706376295,0.10441706227850456,0.09410171136909316
460,0.16766554204033024,0.22046369203634156,0.0916041434959432,0.1319491588096604,0.20365264597517385,0.09127667282734171,0.09338814481520907
466,0.2636476648000965,0.11082663620312248,0.09200809581471374,0.2123224425632409,0.13512389470539554,0.09259219266028329,0.0934790732531477
469,0.21072064482919822,0.2019007146839841,0.09243525629431108,0.11199619892378306,0.1860629709602367,0.09229489125170806,0.10458932305677884
470,0.38133893655517886,0.10811429331944555,0.09243914239638543,0.13623682046587982,0.0946665574721116,0.09379239110163337,0.09341185868936541
472,0.3637126480146125,0.10603438380645228,0.0917902806892634,0.1582342719095914,0.09210577024091215,0.09470006821097121,0.09342257712819707
476,0.2970142047423654,0.11111889752262485,0.10504427139358781,0.1987976893095082,0.09352750104131871,0.09958144111063776,0.09491599487995733
479,0.3593771429784693,0.10072145790057485,0.09111233513143946,0.12456118226489181,0.13934657798209557,0.09248272001530419,0.09239858372722488
481,0.3321934122833682,0.117167134722265,0.09162153883915301,0.12035558611958025,0.15036792490644704,0.09495676112170055,0.09333764200748601
483,0.17938236212270833,0.13647249610900003,0.09139959996785589,0.16095466836329503,0.22092021296930264,0.11843431209195666,0.09243634837588147
486,0.15420879411059724,0.11125256645889056,0.2522233483583951,0.14015872326258783,0.09268274494455869,0.09132410249457025,0.15814972037040037
487,0.277230573611173,0.13384897935122436,0.09268095488970414,0.14177949114743835,0.11291063706225962,0.09777701365927806,0.14377235027892254
489,0.2927244861252033,0.12895302431153277,0.09825541409797432,0.19359262117590764,0.09534861979642542,0.09060204062730096,0.10052379386565567
493,0.35489805141359776,0.11112732655870633,0.09154925333854333,0.1574250906068576,0.09315826642197048,0.09850411360516863,0.0933378980551559
497,0.12591203791815408,0.17738881633254275,0.2529061428104838,0.13565829013733824,0.09441711309619726,0.09118450027755534,0.12253309942772853
500,0.34573329077455917,0.12080481536885573,0.10005115585675906,0.14952441792451643,0.09575427854626306,0.09427034477875737,0.09386169675028916
501,0.19578966050542007,0.15380109989259624,0.10670428979805907,0.24476930454163923,0.10165224075413387,0.10121574706473332,0.09606765744341819
502,0.17803862388281583,0.10676767337205112,0.09979444066859057,0.30897612984755546,0.09315646331250566,0.11930333653252556,0.09396333238395584
503,0.17380567851398437,0.1854813791445858,0.11338148145636523,0.18647058975587272,0.13514659414193125,0.1039984774791051,0.10171579950815555
507,0.3529544242251177,0.10424894190732091,0.13663101537397185,0.12020881158389668,0.09833508281872287,0.09408093797395678,0.09354078611701327
508,0.33182164207004605,0.11928973836895335,0.09488243276009126,0.16850144585759394,0.10142127811577963,0.09074686334202145,0.09333659948551437
510,0.3743299769094403,0.1031166447275595,0.09172608874263573,0.15150286698460846,0.0923052426722906,0.09352657417931445,0.09349260578415097
512,0.21667777926341614,0.10578477972711461,0.12037677492884295,0.18661942590420086,0.09391546431445402,0.1696674121114461,0.10695836375052532
513,0.22472140665373916,0.10190744446102801,0.09155426282771495,0.30502990199780433,0.09237843018468522,0.09105514293826193,0.09335341093676636
515,0.1840484068144737,0.11198330776700444,0.1462925295840606,0.12649839953084055,0.09318372300850099,0.09485764010845198,0.24313599318666776
517,0.3030908772787141,0.10175567081050735,0.09287082886771172,0.19034363386779485,0.11873798835713247,0.10079757445877519,0.09240342635936431
519,0.3844680157567819,0.1073817762951525,0.09187308937124244,0.1342234617216449,0.09279565158681627,0.0957217429877908,0.09353626228057124
520,0.3849797361467237,0.1031261341581966,0.09163096002316037,0.13866635959315737,0.09694224744703088,0.09130977939652049,0.09334478323521056
523,0.2608273420427164,0.22195506332207462,0.09207721843539646,0.1391084596270489,0.09780342649854205,0.09516790119162874,0.09306058888259286
533,0.41587933543168876,0.10258288678712774,0.0924495700635746,0.1073452986228568,0.09302172635350925,0.09538018644651673,0.0933409962947261
535,0.16831629537215978,0.21326800857131376,0.09193107204168291,0.18580878392751626,0.15269223431612036,0.09438218221757647,0.09360142355363048
543,0.31447289019188457,0.10911303941825241,0.09168517333675327,0.12621827343643452,0.1506735064747574,0.09579556702184716,0.11204155012007062
553,0.18529367589778983,0.10843599377701657,0.13119979058759765,0.28890114381180393,0.09964706360019306,0.09317617862675383,0.09334615369884522
554,0.37905969859094163,0.10624638947281914,0.09165502473261808,0.1296536688071822,0.1024095152502232,0.09760767733889701,0.09336802580731872
557,0.19217028873335804,0.11568149840367636,0.10097536192753895,0.23957154461785796,0.0965980000154553,0.13074777958284914,0.12425552671926424
560,0.3929440339034701,0.10174790186100617,0.09225866224000541,0.1110177132989519,0.11772733433133223,0.09087614912322982,0.09342820524200439
564,0.16656358381435932,0.31794625291448453,0.11692876019869222,0.10462223198819061,0.09466755908113714,0.10549701882134176,0.09377459318179444
565,0.3882206112290081,0.1134399130026863,0.09162910882595396,0.11289047435041538,0.09425188097660428,0.10519526537948423,0.09437274623584775
567,0.27879864337966026,0.10540514471739817,0.1132635158924854,0.13850766190573782,0.14400863402315325,0.12149738573836029,0.09851901434320484
568,0.1892583648463539,0.2806563332962529,0.09183695605458937,0.11881410312462237,0.13445731920131598,0.09153640231245264,0.09344052116441284
570,0.34140283806230187,0.12662405215590428,0.09183589313148377,0.14098607781939382,0.10516477997521095,0.10056980368296156,0.09341655517274378
571,0.326390715947926,0.11203034192555883,0.11174345203471904,0.14218983690961007,0.09859029263086463,0.11515914153714295,0.09389621901417843
574,0.3144216075428948,0.12773266577478853,0.0915814955895965,0.1852142016606832,0.09238450892070955,0.09087648587745592,0.09778903463387154
578,0.26096138482877995,0.15388677800290837,0.09177197518708655,0.16415663402074104,0.1387298779395721,0.09715335341421465,0.09333999660669741
586,0.28798675382046174,0.10269430543116392,0.11673222651195957,0.21277856311961066,0.09301228236833507,0.09343683466574038,0.09335903408272869
587,0.37935929341787755,0.12391258239489225,0.09174812672604638,0.1140872987686079,0.10600358742005447,0.09152841760422366,0.09336069366829783
588,0.2643205805181784,0.1582047046911789,0.09239349698951835,0.13506332241722532,0.10575057684677147,0.1499694404003757,0.09429787813675186
591,0.2891090457099987,0.12464342241150446,0.11423424059731505,0.17351820831238396,0.10969469038780069,0.09477447490085551,0.09402591768014164
592,0.3231338463927863,0.12925412032900951,0.09192639061337438,0.16443693446141966,0.09355558623231244,0.1048351052186295,0.0928580167524682
593,0.25802850421436635,0.1284952588463007,0.1699517324827739,0.14090649262657542,0.09249196364491498,0.11751241295025114,0.09261363523481758
597,0.18371956170458337,0.2089906750275926,0.09207351283606341,0.20241590589392583,0.1067833884055182,0.09997868239980218,0.10603827373251437
598,0.18481705725735803,0.2714904816339624,0.09160568920280661,0.13402148369532124,0.10379191711756333,0.12041622174098454,0.0938571493520039
610,0.31983911051957276,0.10534421903701849,0.09245274774823012,0.20460628431413613,0.09242793755616732,0.09195625766925017,0.09337344315562508
621,0.38540945374469526,0.10702062250111818,0.09156872449807477,0.13873061523243285,0.09173101482195326,0.09179853454117773,0.093741034660548
624,0.34273644116360885,0.10156639182540453,0.09196826129858851,0.17934396080718096,0.09266495790662907,0.09735047911351889,0.09436950788506925
626,0.3519135001551523,0.10489073449762412,0.0925166144226314,0.17162496187585893,0.09415532057183149,0.09123469292250566,0.09366417555439618
637,0.2956595144446584,0.10100337695847916,0.09909713240039505,0.22221397407470317,0.09239412296928771,0.09628469663342615,0.09334718251905037
642,0.3799961176787078,0.1008905835025285,0.09504236544737865,0.14541181734857409,0.0935025044167849,0.09181805147880344,0.0933385601272227
643,0.2661975760664604,0.20187038899812568,0.09204132614823964,0.13298015933315177,0.11541190215192171,0.09716176817501189,0.09433687912708898
646,0.3791057823210233,0.10239076956444354,0.09357261993714575,0.11173149424948586,0.11947908549737517,0.10131725063245375,0.09240299779807272
647,0.3108320354929,0.12077929102883651,0.12297783139358183,0.15895375763897113,0.10152564383864304,0.09145554036359385,0.09347590024347364
651,0.2650866501823993,0.13784202609493182,0.09414827045785638,0.20308921362354326,0.11241450767294081,0.0926086047456426,0.09481072722268581
653,0.16129322463493756,0.1473708017430572,0.12407410663229312,0.2552510886125854,0.10510793124059822,0.09138753779654393,0.1155153093399846
656,0.144354954330259,0.14914746016766345,0.13071895582484955,0.1528911223520134,0.10223696419439286,0.1089282144091274,0.21172232872169439
657,0.3111922750161606,0.16231444982291673,0.09162672034748645,0.13450366578754458,0.11260994150191066,0.09305453261903998,0.09469841490494096
669,0.3354772681659127,0.15024545731992747,0.09177025317950656,0.11673006325671974,0.11030407157646596,0.09415659954465655,0.10131628695681105
675,0.26202202364356875,0.23635487888241866,0.0916784999039464,0.12266157324105466,0.09269017595267884,0.1012444211865559,0.09334842718977686
680,0.2776548526851493,0.10902826101165146,0.09191787909018172,0.11393503599207525,0.16998230005378825,0.14413751667488528,0.09334415449226882
683,0.3126593737601593,0.12353600930003145,0.09623722282001351,0.1253872633919688,0.15668915142348494,0.09182258990925238,0.09366838939508967
684,0.32499219729206813,0.11940923287430077,0.12075977601341276,0.1466428823567883,0.09367747238432281,0.09948129987626836,0.0950371392028389
686,0.3027714692656848,0.14597421964279797,0.09494040438438897,0.1398236216603589,0.09248733607488922,0.09282177055209728,0.13118117841978283
688,0.33864677999920884,0.13862973925961647,0.09225562337453513,0.12118463862914938,0.12285969077860433,0.09268787175210956,0.09373565620677626
690,0.3129265941647633,0.15323552109832192,0.09169555702046488,0.161763821169653,0.0947588614149483,0.09196656897283412,0.09365307615901451
694,0.25434170575310155,0.18058190074711689,0.0965589478211287,0.14336503211568755,0.10510574493133869,0.09418808952220378,0.1258585791094228
696,0.29807212141269684,0.1294899620016736,0.0922171651237588,0.19718285882769132,0.09374698892353425,0.09530503904620977,0.09398586466443543
706,0.2604333117970548,0.22247104044652682,0.09428144902705382,0.12521966288362718,0.09773785474062799,0.10647068617270604,0.09338599493240339
709,0.3840660239699836,0.10339728203219074,0.0937870192421227,0.12343875072852506,0.09718951507162951,0.10472364348004251,0.09339776547550582
716,0.16909976663928306,0.11496258694995645,0.18121879474046051,0.25293635902625766,0.09227096731343266,0.09677909471150217,0.09273243061910745
718,0.28013616787264,0.1738457420671528,0.09161801815182778,0.1358615249180798,0.11359628376490347,0.11150796869122588,0.09343429453417028
719,0.3435069478847076,0.104861034890108,0.09351357257803986,0.1664832261047055,0.09319913063677247,0.10301288072415693,0.09542320718150965
729,0.1903008452808162,0.15594348518835932,0.18177567946096157,0.14125657640464742,0.11667085941260366,0.1117475324189561,0.10230502183365577
730,0.271057678181316,0.20062178207079553,0.09821790672802519,0.13706289030380492,0.10120164556812991,0.09560152386883117,0.0962365732790973
737,0.3468956101283174,0.12156240650300038,0.09118260545401713,0.11574401601096732,0.12897464503165207,0.10324019847495744,0.09240051839708831
738,0.13560366387058498,0.3808837477055239,0.09374532255617343,0.10752742702244597,0.09672258066076754,0.09176321504623403,0.09375404313827018
742,0.36936390646044964,0.11176913008013635,0.09136658122954094,0.13346552654622362,0.10611150110046041,0.09542529244015831,0.09249806214303073
743,0.1628939619622018,0.18440516100738424,0.1881722045581107,0.1449908897063686,0.12701419673018863,0.09725067591592367,0.09527291011982243
749,0.37450937670263723,0.1067194668764739,0.09171302150895304,0.1372710686406805,0.09416731613912022,0.0923713450087336,0.10324840512340144
751,0.2550523269689959,0.10023290496411041,0.09178304367518243,0.27474628677144186,0.09192544781789458,0.09291283425839987,0.093347155543975
754,0.41245253901244916,0.10001274133323623,0.09153212156367987,0.11843205644897829,0.09314463847613003,0.0910773530673917,0.09334855009813478
759,0.13199149490405354,0.1374728509624761,0.22402012395283655,0.18270818820991586,0.09942287727957838,0.09321166494157467,0.13117279974956492
764,0.32426716744520445,0.10723050690897559,0.15895166516832512,0.12877578361387215,0.09314974244861278,0.09312001099932715,0.09450512341568282
769,0.23444968152650197,0.1221709484668943,0.0963508950611881,0.2591338020624896,0.09854973211170943,0.09456920517300774,0.09477573559820889
770,0.31330696638857086,0.12093374128754972,0.09421415858260483,0.17699185067067674,0.10237913287030315,0.09872154770690715,0.09345260249338755
775,0.18643624576448248,0.10164784785956602,0.10253186133684669,0.1645650077051436,0.09180908192631584,0.2596010041657263,0.09340895124191917
779,0.2967300380286202,0.10626870030272459,0.09552362997744834,0.22084016106782128,0.09345681988393766,0.09149026584106797,0.09569038489838005
786,0.12416431178201545,0.38394557342657387,0.0915682755825206,0.10924730318379902,0.09306773303435326,0.0941890932304678,0.10381770976027
787,0.25556717705634663,0.11542614163748889,0.14503999585895827,0.19466069102386008,0.0955379009293981,0.10121831769001396,0.09254977580393407
790,0.35569814859517346,0.10160680856668802,0.09156160726404844,0.165284545391428,0.09417354449664109,0.09833490824681862,0.09334043743920238
792,0.13322226236286774,0.10460667860331681,0.18705105908015063,0.2772301724207564,0.09961917614355567,0.10335443223518466,0.0949162191541681
798,0.2245025445148091,0.11506348656126392,0.113770505970583,0.2284384351037792,0.09193447829986749,0.09045310758088682,0.13583744196881054
802,0.34822841666297694,0.14742816143450752,0.09637601940549306,0.11856687443889218,0.10036811434232942,0.09564487347235895,0.09338754024344202
807,0.3901540323267127,0.10129716976015721,0.0918994922536513,0.1376880174506778,0.09255732537756507,0.09192779755157031,0.09447616527966561
811,0.367058813894365,0.1030542215351083,0.09685796708921351,0.14331685004150146,0.09614520289680781,0.09261662812890414,0.10095031641409974
817,0.2974430220847687,0.15155318091427977,0.09153920390495354,0.134281848324788,0.09383653916634224,0.1082656199327428,0.12308058567212501
819,0.40484233215123466,0.10107306439617625,0.09164605668706657,0.1247093739128238,0.0923467850800828,0.09203906575679044,0.09334332201582547
820,0.3142936031596011,0.1471323410333185,0.09173176627769836,0.16383153573542095,0.09373756102374059,0.09438511845054784,0.0948880743196728
822,0.36380105229143567,0.1178870975796861,0.09206417360364705,0.13447384993588055,0.09798843285505432,0.10040674181016856,0.09337865192412778
825,0.2796110571252639,0.10336091486240179,0.09261323756006659,0.20680411513433655,0.099045458974907,0.1248836974754145,0.09368151886760973
826,0.38609273305550973,0.10766769612139282,0.09110072542024203,0.11740634312142433,0.09484718441489261,0.11047219756960333,0.09241312029693519
828,0.22486063908793047,0.1611678290066862,0.09732594131497455,0.1285512680740521,0.18309111716573798,0.11159775161615798,0.09340545373446074
830,0.4066761301841929,0.10378792073668282,0.09160929786369196,0.10838210218664705,0.10381204423082756,0.09239184431706109,0.09334066048089669
833,0.3825541569060683,0.10934463334189089,0.09152383534736913,0.10773286437562488,0.09236938639316977,0.12313658307276168,0.09333854056311537
834,0.3476671808957621,0.10513075878454346,0.09806788476782878,0.16744394901896095,0.09262362098795593,0.09571342686588663,0.09335317867906215
835,0.3121727880375057,0.15570124368996877,0.091640892106773,0.12950738003958964,0.09385605525749759,0.1236335218791702,0.09348811898949518
842,0.2749351194394739,0.12101901091899997,0.0921344315751931,0.16516396153249424,0.12457360635450046,0.12855456246517744,0.0936193077141609
845,0.17794630448223905,0.19660579676916193,0.11558025172295097,0.13619939193638203,0.13547362768473392,0.1069836164923778,0.13121101091215426
856,0.3461696315735517,0.10849663673163273,0.0935086179935376,0.1472524040616512,0.09280714942161489,0.09538172287022503,0.11638383734778693
858,0.35409683162951133,0.1306843319888894,0.09394792112621782,0.12977080775647393,0.10145159360405326,0.09739498366188791,0.0926535302329664
860,0.3220042723905923,0.10167808742744301,0.09266323371001879,0.20038768584834596,0.09328134719484973,0.09745544137790574,0.09252993205084452
863,0.28780952548052585,0.14599918002554657,0.09159622595099928,0.16748959668711189,0.1193283433260317,0.09244369524271825,0.09533343328706645
867,0.3134244206509448,0.12281524635440341,0.09278843824732527,0.163127966796572,0.09627898433085391,0.09253672835012826,0.11902821526977245
869,0.13604963284269217,0.1217928179439344,0.10863858337861396,0.2856012049396433,0.10984981081259829,0.0904325501319843,0.1476353999505336
870,0.2982208481634702,0.13841078283884767,0.09473740227115104,0.18269315655962978,0.09261680415901699,0.09919242596441477,0.09412858004346954
873,0.33501740505100375,0.10259730779836088,0.09568129851197364,0.18343824734766861,0.09281857202529073,0.09596496324023998,0.09448220602546245
875,0.30003175014148337,0.14955428352880326,0.09537143391529354,0.11375078652034752,0.14517579931652505,0.10167802262180316,0.09443792395574419
876,0.17489564595269994,0.2821969371204592,0.09173826463295212,0.11887357100740271,0.13570298736339068,0.09716874899750437,0.09942384492559103
877,0.16614362435906257,0.23227399479990835,0.09452151494319394,0.1465698892674701,0.11750789820295149,0.09166280401928883,0.1513202744081247
880,0.3188012646061487,0.11844248844793512,0.09249771338969734,0.14997079675202837,0.11938902358790474,0.09699512237161242,0.10390359084467325
882,0.3140558371524801,0.12858332930184044,0.11939044156689571,0.15215183883822025,0.09434469014259698,0.0968618640544304,0.09461199894353613
889,0.24422831995266603,0.10518205160123623,0.09133082783619109,0.2727500995081247,0.10268519223605238,0.09012077701944565,0.09370273184628403
890,0.19456599242702943,0.11460144723334556,0.10160752020655862,0.2813883294293835,0.11467061816298013,0.09981735616770168,0.09334873637300105
892,0.37601782827858277,0.11992650879860145,0.09152738698519407,0.1172208073270791,0.09896275325297549,0.10149583448133467,0.09484888087623253
894,0.3632996826396854,0.10863904413608559,0.09295956056262315,0.15345335807914973,0.0919144886636939,0.09245689948457586,0.09727696643418644
895,0.24725886633903782,0.10098733973409041,0.11127707081888459,0.2608544982873957,0.09174139121340916,0.09149975111868208,0.09638108248850026
896,0.3424404386648454,0.10767813374956095,0.09232401331496227,0.16375279176611862,0.09464079813576917,0.10507019291424752,0.09409363145449608
897,0.12178985686950376,0.10009700875243918,0.22634805947020492,0.12200205026231059,0.09280353070621931,0.0902689037991368,0.24669059014018546
900,0.3196424294479268,0.16819729298605218,0.09170527456027114,0.1226830577098421,0.10261434669862023,0.10147053214718986,0.09368706645009779
902,0.1269759828074243,0.3943497134993492,0.0916127296657864,0.1084510184716084,0.09376166121601459,0.09085879242821646,0.09399010191160066
905,0.27415949100157344,0.12282566772122377,0.09164153885141295,0.16348115401417712,0.12832369428731724,0.12600421218570906,0.09356424193858641
908,0.35997032269003343,0.1173484429521687,0.0915807858418224,0.1306296167365539,0.11002847585178849,0.09710668313521567,0.0933356727924174
909,0.304585084870887,0.10118935118325736,0.09114376436199755,0.2177761446942712,0.09254990620301572,0.1003507138173732,0.09240503486919806
916,0.29852054151284274,0.16261453359080613,0.09507470414933725,0.14856007427863518,0.09552286891932137,0.10636033373164563,0.0933469438174117
920,0.4098630126170433,0.100623566313735,0.09892857727628583,0.11470740389675145,0.09169918479689901,0.09083394172312839,0.09334431337615712
